[[[0.89657715 0.62820948 0.86022283]
  [0.96950335 0.9619731  0.26108908]
  [0.74317308 0.00829679 0.44848185]
  [0.60082354 0.08254302 0.19467141]]

 [[0.9159405  0.76349871 0.54990399]
  [0.07746068 0.25402742 0.96916045]
  [0.41255937 0.04381362 0.78127856]
  [0.23613882 0.83789611 0.48232445]]

 [[0.50154124 0.9475583  0.57050612]
  [0.1298784  0.07691485 0.85345763]
  [0.61497402 0.2621421  0.45236186]
  [0.21211808 0.95314151 0.68945087]]

 [[0.00717308 0.36348226 0.17960253]
  [0.28958349 0.69139444 0.63840626]
  [0.89691691 0.66773298 0.09517475]
  [0.23927011 0.65121601 0.42731313]]

 [[0.4138437  0.52891128 0.13392539]
  [0.10634085 0.87054676 0.45811995]
  [0.80325687 0.23768892 0.07416266]
  [0.17266119 0.40710467 0.3236231 ]]] 

 [[[0.89657715 0.62820948 0.86022283]
  [0.96950335 0.9619731  0.26108908]
  [0.74317308 0.00829679 0.44848185]
  [0.60082354 0.08254302 0.19467141]]

 [[0.9159405  0.76349871 0.54990399]
  [0.07746068 0.25402742 0.96916045]
  [0.41255937 0.04381362 0.78127856]
  [0.23613882 0.83789611 0.48232445]]

 [[0.50154124 0.9475583  0.57050612]
  [0.1298784  0.07691485 0.85345763]
  [0.61497402 0.2621421  0.45236186]
  [0.21211808 0.95314151 0.68945087]]

 [[0.00717308 0.36348226 0.17960253]
  [0.28958349 0.69139444 0.63840626]
  [0.89691691 0.66773298 0.09517475]
  [0.23927011 0.65121601 0.42731313]]

 [[0.4138437  0.52891128 0.13392539]
  [0.10634085 0.87054676 0.45811995]
  [0.80325687 0.23768892 0.07416266]
  [0.17266119 0.40710467 0.3236231 ]]]
